-2.77235254e+02
-2.77234845e+02
-2.77223825e+02
-2.77223498e+02
-2.77092611e+02
-2.77092557e+02
-2.77092230e+02
-2.77092176e+02
-2.77081863e+02
-2.77081672e+02
-2.77081509e+02
-2.77081346e+02
-2.77063278e+02
-2.77062978e+02
-2.77062788e+02
-2.77062516e+02
-2.77061509e+02
-2.77061155e+02
-2.77061073e+02
-2.77060747e+02
-2.34999912e+01
-2.33957607e+01
-2.20770565e+01
-2.19789455e+01
-2.07979603e+01
-2.06998175e+01
-1.99086236e+01
-1.98171993e+01
-1.93278450e+01
-1.92382790e+01
-1.67947120e+01
-1.67149894e+01
-1.63928067e+01
-1.63185716e+01
-1.59913714e+01
-1.59080931e+01
-1.37788651e+01
-1.37077127e+01
-1.37046215e+01
-1.36330691e+01
-1.31905362e+01
-1.31257714e+01
-1.20257442e+01
-1.19405875e+01
-1.17237872e+01
-1.16750016e+01
-1.11570781e+01
-1.10968789e+01
-1.10503993e+01
-1.10125290e+01
-1.07131644e+01
-1.06981250e+01
-1.06491787e+01
-9.86188801e+00
-9.84470293e+00
-9.79253297e+00
-8.99838552e+00
-8.98395967e+00
-8.94544738e+00
-8.79191878e+00
-8.73271059e+00
-8.18451389e+00
-7.83772397e+00
-7.07093758e+00
-6.70133988e+00
-5.97685850e+00
-5.96023860e+00
-5.23108149e+00
-1.13892340e+00
-4.04098782e-01
-3.17200658e-01
4.00695371e-01
7.68870947e-01
1.55900382e+00
2.44517253e+00
2.63740880e+00
2.92982570e+00
2.95013710e+00
3.13593134e+00
3.32231825e+00
3.43605998e+00
3.69950276e+00
4.31370642e+00
4.37110314e+00
4.55905470e+00
4.84431666e+00
4.93810863e+00
4.96698863e+00
5.13218983e+00
5.33342409e+00
5.42799567e+00
5.43380829e+00
5.97758722e+00
6.05804806e+00
6.70681236e+00
7.03501745e+00
7.76121940e+00
8.03273444e+00
8.41312608e+00
8.48532662e+00
8.68928855e+00
8.77266400e+00
8.78259561e+00
8.96986553e+00
9.24330931e+00
9.25157722e+00
9.79223256e+00
1.01912697e+01
1.11677115e+01
1.22099768e+01
1.25348996e+01
1.29673927e+01
1.33982487e+01
1.34904109e+01
1.38364433e+01
1.39670000e+01
1.40084443e+01
1.40721062e+01
1.41308535e+01
1.44594716e+01
1.45895410e+01
1.45988236e+01
1.46204071e+01
1.50319226e+01
1.51091227e+01
1.54124936e+01
1.55123243e+01
1.56952777e+01
1.58369242e+01
1.60936199e+01
1.61733414e+01
1.62430823e+01
1.62811801e+01
1.68167380e+01
1.68392622e+01
1.69761211e+01
1.70464898e+01
1.71440799e+01
1.71935461e+01
1.72614922e+01
1.73256052e+01
1.77126449e+01
1.79937868e+01
1.82566396e+01
1.93140940e+01
2.04708287e+01
2.07307003e+01
2.07978615e+01
2.11846966e+01
2.13368534e+01
2.14700938e+01
2.17977176e+01
2.18290208e+01
2.23001303e+01
2.23900028e+01
2.24081394e+01
2.25194495e+01
2.26484522e+01
2.26695645e+01
2.29693712e+01
2.29770516e+01
2.31129282e+01
2.31480442e+01
2.33287679e+01
2.35303216e+01
2.37611260e+01
2.38717008e+01
2.40533475e+01
2.41223398e+01
2.47512365e+01
2.47628917e+01
2.48436636e+01
2.50098226e+01
2.54274033e+01
2.57490395e+01
2.65567584e+01
2.65580822e+01
2.72405938e+01
2.74301838e+01
2.74313648e+01
2.75004327e+01
2.78146618e+01
2.86995519e+01
2.90246845e+01
2.90957035e+01
2.98358644e+01
3.01468553e+01
3.14792477e+01
3.15981125e+01
3.16319635e+01
3.18296352e+01
3.22928521e+01
3.25105378e+01
3.34467214e+01
3.39476152e+01
3.39554412e+01
3.40299296e+01
3.40722053e+01
3.43779770e+01
3.45458142e+01
3.46401887e+01
3.50507026e+01
3.76014009e+01
3.77488758e+01
3.78504750e+01
3.79492795e+01
3.81353810e+01
3.82727985e+01
3.86464137e+01
3.88545537e+01
3.90543234e+01
3.97739560e+01
4.01067487e+01
4.03376183e+01
4.07251984e+01
4.07514819e+01
4.08077823e+01
4.10001478e+01
4.10946911e+01
4.12061952e+01
4.12680549e+01
4.12866103e+01
4.19064233e+01
4.19388158e+01
4.28125601e+01
4.37756558e+01
4.69888318e+01
4.75116580e+01
4.78244122e+01
4.78681844e+01
4.91566304e+01
4.94659396e+01
4.94689791e+01
4.99906161e+01
5.04507282e+01
5.12997591e+01
5.19591157e+01
5.21394375e+01
5.22858675e+01
5.25406940e+01
5.28508713e+01
5.29572733e+01
5.33359552e+01
5.34217990e+01
5.39604132e+01
5.41261361e+01
5.42332429e+01
5.46392423e+01
5.51034470e+01
5.53736561e+01
5.54798323e+01
5.55583562e+01
5.67158691e+01
5.68626583e+01
5.71794343e+01
5.78426032e+01
5.81179200e+01
5.93163861e+01
5.97184916e+01
5.97834479e+01
5.99226424e+01
6.00430419e+01
6.04778501e+01
6.10537031e+01
6.11087844e+01
6.11630113e+01
6.13908414e+01
6.21809379e+01
6.22052894e+01
6.25134040e+01
6.33994778e+01
6.37086020e+01
6.39166821e+01
6.39619129e+01
6.43077425e+01
6.45623622e+01
6.47066534e+01
6.52938318e+01
6.59444345e+01
6.77488929e+01
7.04760299e+01
7.07831731e+01
7.11159902e+01
7.14011439e+01
7.14550687e+01
7.15393288e+01
7.17234248e+01
7.22217035e+01
7.27185047e+01
7.28846629e+01
7.29118498e+01
7.31924483e+01
7.32278721e+01
7.42007067e+01
7.50974991e+01
7.66425458e+01
7.69058488e+01
7.69510414e+01
7.72623262e+01
7.78109460e+01
7.78393820e+01
7.83691878e+01
7.85821116e+01
7.98428645e+01
8.00721369e+01
8.11199498e+01
8.34968108e+01
8.70322541e+01
9.10241659e+01
9.28784266e+01
9.44213509e+01
9.54068225e+01
1.10081006e+02
1.10311617e+02
1.10823295e+02
1.10828481e+02
1.11744490e+02
1.13751771e+02
1.14583705e+02
1.14956983e+02
1.15786316e+02
1.16181937e+02
1.16598312e+02
1.17441384e+02
1.18918377e+02
1.19153329e+02
1.21446485e+02
1.21840103e+02
1.22440403e+02
1.26475317e+02
1.29706809e+02
1.33946739e+02
