-2.77455938e+02
-2.77455938e+02
-2.77434006e+02
-2.77433978e+02
-2.06736891e+01
-2.06698482e+01
-1.58460555e+01
-1.58418628e+01
-1.28038587e+01
-1.27992445e+01
-1.14424192e+01
-1.14386597e+01
-9.82718968e+00
-9.82274660e+00
-7.49420132e+00
-7.38158070e+00
-3.42893196e-01
-6.18085472e-02
4.71961799e-01
7.06869046e-01
9.95392621e-01
1.09579032e+00
1.24768395e+00
1.61106341e+00
2.05959100e+00
2.19745922e+00
2.23384992e+00
2.61699258e+00
2.71360425e+00
3.13707586e+00
3.59822630e+00
4.16452756e+00
4.30142646e+00
4.60469257e+00
4.71329896e+00
5.16076289e+00
5.39910832e+00
6.51025983e+00
7.39394828e+00
8.37951674e+00
9.27577767e+00
9.46255670e+00
9.58077116e+00
9.96495553e+00
1.57271392e+01
1.60758283e+01
1.79285972e+01
1.80757889e+01
1.86051675e+01
1.92726345e+01
1.98275241e+01
1.99498703e+01
2.07558441e+01
2.11739821e+01
2.29111222e+01
2.34900251e+01
2.44298868e+01
2.47524907e+01
2.53794897e+01
2.58342969e+01
2.61430091e+01
2.71734571e+01
2.86290036e+01
2.96427043e+01
3.17891093e+01
3.18975603e+01
3.32497381e+01
3.32559940e+01
3.94609188e+01
3.95028407e+01
4.19460350e+01
4.19476431e+01
4.94962776e+01
4.94967565e+01
5.13702883e+01
5.13780654e+01
5.44778733e+01
5.44933811e+01
5.74276077e+01
5.74537361e+01
6.24982255e+01
6.25797835e+01
6.45631568e+01
6.46083985e+01
7.25758218e+01
7.25891717e+01
7.35073195e+01
7.37446900e+01
1.12025807e+02
1.12212344e+02
1.15728952e+02
1.15800066e+02
